1 1
2 1
3 2
4 2
5 3
6 3
7 3
8 4
9 4
10 5
11 6
12 6
13 6
14 7
15 8
16 8
17 9
18 10
19 10
20 11
21 11
22 12
23 12
24 13
25 13
26 13
27 14
28 14
29 15
30 15
31 15
32 15
33 16
34 16
35 16
36 17
37 18
38 19
39 20
40 21
41 21
42 22
43 23
44 23
45 23
46 24
47 25
48 25
49 25
50 26
51 26
52 27
53 27
54 28
55 29
56 29
57 30
58 30
59 31
60 31
61 32
62 32
63 33
64 33
65 33
66 33
67 33
68 34
69 34
70 35
71 35
72 35
73 36
74 37
75 38
76 38
77 39
78 40
79 40
80 40
81 41
82 41
83 41
84 42
85 42
86 43
87 44
88 44
89 45
90 46
91 46
92 47
93 47
94 48
95 48
96 49
97 49
98 49
99 49
100 49
101 50
102 50
103 50
104 51
105 51
106 52
107 53
108 53
109 53
110 54
111 54
112 54
113 55
114 55
115 56
116 57
117 57
118 58
119 59
120 60
121 61
122 61
123 62
124 62
125 63
126 63
127 63
128 64
129 64
130 65
131 66
132 67
133 67
134 67
135 68
136 68
137 69
138 69
139 69
140 70
141 71
142 71
143 71
144 72
145 73
146 73
147 74
148 74
149 75
150 75
151 76
152 76
153 77
154 78
155 78
156 79
157 80
158 81
159 82
160 83
161 83
162 84
163 84
164 84
165 85
166 86
167 87
168 88
169 88
170 88
171 89
172 90
173 90
174 90
175 91
176 92
177 93
178 94
179 95
180 96
181 97
182 98
183 99
184 99
185 100
186 101
187 101
188 102
189 103
190 103
191 104
192 104
193 104
194 104
195 105
196 105
197 106
198 106
199 106
200 107
201 108
202 109
203 110
204 111
205 111
206 112
207 112
208 113
209 114
210 115
211 116
212 116
213 117
214 117
215 117
216 117
217 118
218 118
219 118
220 119
221 119
222 120
223 120
224 121
225 122
226 122
227 122
228 122
229 122
230 123
231 123
232 123
233 123
234 124
235 124
236 124
237 124
238 125
239 125
240 125
241 126
242 127
243 128
244 128
245 129
246 129
247 130
248 131
249 132
250 132
251 133
252 133
253 133
254 134
255 135
256 136
257 136
258 137
259 137
260 138
261 138
262 138
263 138
264 139
265 140
266 140
267 141
268 141
269 141
270 142
271 142
272 143
273 144
274 144
275 145
276 146
277 146
278 147
279 147
280 148
281 148
282 148
283 148
284 148
285 149
286 149
287 149
288 149
289 150
290 150
291 151
292 152
293 153
294 154
295 154
296 155
297 155
298 156
299 157
300 158
301 159
302 160
303 161
304 162
305 162
306 163
307 164
308 164
309 165
310 166
311 167
312 167
313 168
314 169
315 170
316 170
317 171
318 172
319 173
320 174
321 174
322 175
323 175
324 176
325 177
326 177
327 178
328 178
329 179
330 180
331 180
332 181
333 181
334 181
335 181
336 182
337 183
338 184
339 185
340 186
341 187
342 188
343 189
344 190
345 191
346 191
347 192
348 192
349 193
350 194
351 195
352 195
353 196
354 196
355 197
356 198
357 199
358 200
359 200
360 201
361 201
362 202
363 202
364 203
365 204
366 205
367 206
368 207
369 208
370 209
371 210
372 211
373 212
374 212
375 213
376 214
377 214
378 215
379 216
380 217
381 218
382 218
383 219
384 220
385 220
386 220
387 221
388 222
389 223
390 224
391 225
392 226
393 227
394 228
395 229
396 230
397 230
398 231
399 231
400 232
401 233
402 234
403 234
404 235
405 236
406 236
407 236
408 236
409 237
410 237
411 238
412 239
413 240
414 241
415 242
416 243
417 244
418 245
419 246
420 247
421 248
422 248
423 249
424 249
425 250
426 250
427 251
428 252
429 252
430 252
431 253
432 253
433 254
434 255
435 255
436 256
437 257
438 258
439 259
440 259
441 260
442 261
443 261
444 262
445 263
446 264
447 265
448 266
449 267
450 268
451 269
452 270
453 270
454 270
455 270
456 271
457 271
458 271
459 272
460 272
461 272
462 273
463 273
464 273
465 274
466 274
467 275
468 275
469 276
470 276
471 276
472 276
473 277
474 277
475 278
476 278
477 279
478 279
479 280
480 280
481 280
482 281
483 281
484 281
485 282
486 282
487 283
488 284
489 285
490 285
491 286
492 287
493 287
494 287
495 287
496 288
497 289
498 289
499 290
500 290
501 291
502 291
503 291
504 292
505 292
506 292
507 293
508 293
509 294
510 294
511 294
512 295
513 295
514 296
515 296
516 296
517 296
518 297
519 297
520 297
521 298
522 298
523 298
524 299
525 300
526 301
527 302
528 302
529 302
530 302
531 303
532 303
533 304
534 304
535 304
536 305
537 305
538 306
539 307
540 308
541 309
542 310
543 311
544 312
545 313
546 314
547 314
548 315
549 316
550 316
551 317
552 317
553 318
554 319
555 319
556 320
557 321
558 322
559 323
560 324
561 324
562 324
563 324
564 325
565 326
566 326
567 327
568 327
569 328
570 328
571 329
572 330
573 330
574 331
575 332
576 333
577 334
578 335
579 335
580 336
581 336
582 336
583 337
584 338
585 339
586 339
588 341
589 342
590 342
591 343
592 343
593 343
594 344
595 345
596 345
597 345
598 345
599 346
600 347
601 347
602 347
603 348
604 349
605 349
606 350
607 350
608 350
609 350
610 351
611 351
612 352
613 353
614 353
615 354
616 355
617 355
618 355
619 356
620 357
621 358
622 359
623 359
624 359
625 359
626 360
627 360
628 360
629 361
630 362
631 362
632 363
633 364
634 365
635 365
636 366
637 366
638 366
639 366
640 367
641 367
642 368
643 368
644 368
645 369
646 369
647 370
648 370
649 370
650 371
651 371
652 372
653 372
654 372
655 373
656 374
657 375
658 376
659 376
660 377
661 377
662 378
663 379
664 379
665 379
666 380
667 381
668 382
669 382
670 383
671 383
672 384
673 384
674 385
675 385
676 385
677 385
678 386
679 386
680 387
681 387
682 388
683 388
684 388
685 389
686 389
687 389
688 389
689 389
690 390
691 390
692 391
693 392
694 392
695 392
696 393
697 393
698 394
699 395
700 396
701 396
702 396
703 396
704 396
705 397
706 398
707 398
708 398
709 398
710 399
711 400
712 401
713 401
714 401
715 402
716 402
717 402
718 403
719 404
720 404
721 405
722 406
723 406
724 407
725 408
726 409
727 410
728 411
729 411
730 412
731 413
732 413
733 413
734 413
735 413
736 413
737 413
738 413
739 414
740 414
741 415
742 415
743 415
744 415
745 415
746 415
747 416
748 416
749 416
750 417
751 418
752 419
753 419
754 420
755 421
756 422
757 422
758 422
759 422
760 422
761 423
762 424
763 425
764 426
765 427
766 428
767 428
768 429
769 429
770 429
771 430
772 431
773 432
774 433
775 434
776 434
777 435
778 436
779 436
780 437
781 437
782 437
783 437
784 437
785 438
786 439
787 440
788 440
789 441
790 442
791 443
792 443
793 444
794 445
795 445
796 445
797 446
798 446
799 447
800 448
801 448
802 448
803 449
804 450
805 451
806 451
807 452
808 452
809 453
810 453
811 454
812 455
813 455
814 455
815 456
816 457
817 458
818 458
819 458
820 459
821 459
822 460
823 460
824 461
825 461
826 461
827 461
828 462
829 463
830 464
831 464
832 465
833 466
834 467
835 468
836 468
837 469
838 469
839 469
840 470
841 470
842 471
843 471
844 472
845 473
846 474
847 474
848 475
849 476
850 477
851 477
852 477
853 478
854 478
855 479
856 480
857 481
858 481
859 481
860 481
861 481
862 481
863 481
864 482
865 483
866 484
867 485
868 486
869 487
870 487
871 488
872 488
873 488
874 488
875 489
876 490
877 491
878 491
879 491
880 491
881 492
882 492
883 493
884 494
885 494
886 495
887 495
888 496
889 496
890 497
891 498
892 498
893 499
894 499
895 499
896 499
897 499
898 500
899 500
900 500
901 501
902 502
903 503
904 503
905 503
906 503
907 504
908 505
909 506
910 507
911 507
912 507
913 507
914 507
915 508
916 509
917 509
918 510
919 510
920 510
921 511
922 511
923 511
924 512
925 513
926 514
927 514
928 514
929 515
930 516
931 516
932 517
933 518
934 519
935 520
936 521
937 521
938 522
939 523
940 524
941 525
942 526
943 527
944 528
945 529
946 529
947 530
948 530
949 531
950 532
951 533
952 534
953 534
954 535
955 535
956 535
957 536
958 536
959 537
960 537
961 538
962 538
963 538
964 539
965 540
966 540
967 541
968 541
969 542
970 542
971 543
972 544
973 545
974 546
975 547
976 548
977 549
978 550
979 551
980 552
981 553
982 554
983 554
984 555
985 556
986 556
987 557
988 557
989 558
990 558
991 559
992 559
993 560
994 561
995 562
996 563
997 564
998 565
999 566
1000 567
1001 568
1002 568
1003 569
1004 570
1005 570
1006 571
1007 571
1008 571
1009 572
1010 572
1011 572
1012 572
1013 573
1014 574
1015 575
1016 576
1017 576
1018 577
1019 578
1020 579
1021 580
1022 581
1023 581
1024 582
1025 583
1026 583
1027 583
1028 583
1029 584
1030 585
1031 586
1032 587
1033 588
1034 589
1035 590
1036 590
1037 590
1038 590
1039 590
1040 591
1041 591
1042 592
1043 592
1044 592
1045 593
1046 594
1047 594
1048 594
1049 595
1050 596
1051 597
1052 598
1053 599
1054 599
1055 600
1056 601
1057 602
1058 602
1059 603
1060 603
1061 604
1062 604
1063 605
1064 606
1065 607
1066 607
1067 608
1068 609
1069 609
1070 609
1071 610
1072 610
1073 611
1074 611
1075 612
1076 613
1077 613
1078 613
1079 614
1080 615
1081 616
1082 617
1083 618
1084 618
1085 619
1086 620
1087 620
1088 621
1089 621
1090 622
1091 622
1092 623
1093 623
1094 624
1095 624
1096 624
1097 625
1098 626
1099 627
1100 627
1101 628
1102 628
1103 629
1104 630
1105 630
1106 631
1107 632
1108 633
1109 633
1110 633
1111 633
1112 633
1113 634
1114 634
1115 635
1116 635
1117 636
1118 637
1119 637
1120 638
1121 638
1122 639
1123 640
1124 641
1125 642
1126 643
1127 643
1128 644
1129 645
1130 646
1131 647
1132 647
1133 648
1134 649
1135 649
1136 650
1137 650
1138 651
1139 652
1140 652
1141 653
1142 654
1143 655
1144 656
1145 657
1146 658
1147 659
1148 660
1149 661
1150 661
1151 662
1152 663
1153 664
1154 665
1155 666
1156 667
1157 668
1158 669
1159 670
1160 671
1161 672
1162 672
1163 673
1164 674
1165 675
1166 676
1167 677
1168 678
1169 679
1170 680
1171 681
1172 681
1173 682
1174 683
1175 684
1176 684
1177 685
1178 685
1179 686
1180 686
1181 686
1182 687
1183 688
1184 689
1185 689
1186 690
1187 691
1188 692
1189 693
1190 694
1191 695
1192 695
1193 696
1194 697
1195 698
1196 698
1197 698
1198 699
1199 700
1200 700
1201 701
1202 702
1203 703
1204 704
1205 705
1206 706
1207 706
1208 707
1209 707
1210 708
1211 709
1212 709
1213 710
1214 710
1215 711
1216 712
1217 713
1218 714
1219 715
1220 716
1221 717
1222 717
1223 718
1224 718
1225 719
1226 720
1227 721
1228 722
1229 723
1230 724
1231 725
1232 726
1233 726
1234 727
1235 727
1236 727
1237 728
1238 729
1239 730
1240 731
1241 731
1242 732
1243 732
1244 733
1245 733
1246 734
1247 735
1248 735
1249 736
1250 737
1251 737
1252 737
1253 738
1254 738
1255 739
1256 740
1257 741
1258 742
1259 742
1260 743
1261 744
1262 744
1263 745
1264 746
1265 747
1266 748
1267 748
1268 748
1269 748
1270 749
1271 750
1272 751
1273 751
1274 752
1275 752
1276 753
1277 753
1278 754
1279 755
1280 756
1281 756
1282 757
1283 758
1284 758
1285 759
1286 760
1287 761
1288 762
1289 762
1290 763
1291 763
1292 763
1293 763
1294 764
1295 765
1296 766
1297 767
1298 768
1299 768
1300 769
1301 770
1302 771
1303 772
1304 773
1305 774
1306 774
1307 775
1308 776
1309 777
1310 777
1311 778
1312 779
1313 779
1314 780
1315 781
1316 782
1317 783
1318 783
1319 784
1320 785
1321 786
1322 786
1323 787
1324 788
1325 789
1326 789
1327 789
1328 790
1329 791
1330 792
1331 793
1332 794
1333 795
1334 796
1335 797
1336 798
1337 799
1338 800
1339 801
1340 801
1341 802
1342 803
1343 804
1344 804
1345 805
1346 806
1347 807
1348 808
1349 808
1350 808
1351 809
1352 810
1353 811
1354 812
1355 813
1356 814
1357 815
1358 816
1359 816
1360 817
1361 818
1362 818
1363 819
1364 820
1365 821
1366 822
1367 823
1368 824
1369 825
1370 826
1371 827
1372 828
1373 829
1374 830
1375 830
1376 830
1377 830
1378 831
1379 832
1380 832
1381 833
1382 834
1383 834
1384 834
1385 835
1386 835
1387 836
1388 837
1389 838
1390 838
1391 838
1392 839
1393 840
1394 841
1395 842
1396 843
1397 843
1398 844
1399 845
1400 845
1401 845
1402 846
1403 847
1404 848
1405 848
1406 848
1407 848
1408 849
1409 850
1410 851
1411 851
1412 852
1413 853
1414 854
1415 854
1416 855
1417 855
1418 856
1419 857
1420 857
1421 858
1422 859
1423 860
1424 861
1425 861
1426 861
1427 862
1428 863
1429 864
1430 865
1431 865
1432 865
1433 866
1434 867
1435 868
1436 868
1437 868
1438 868
1439 869
1440 870
1441 871
1442 871
1443 872
1444 873
1445 874
1446 875
1447 875
1448 875
1449 876
1450 877
1451 878
1452 879
1453 880
1454 881
1455 881
1456 882
1457 883
1458 884
1459 885
1460 886
1461 887
1462 888
1463 889
1464 890
1465 890
1466 891
1467 892
1468 893
1469 894
1470 894
1471 894
1472 895
1473 895
1474 896
1475 896
1476 897
1477 897
1478 897
1479 897
1480 897
1481 898
1482 898
1483 898
1484 899
1485 900
1486 901
1487 902
1488 903
1489 904
1490 905
1491 906
1492 907
1493 908
1494 909
1495 910
1496 911
1497 912
1498 912
1499 912
1500 913
1501 913
1502 913
1503 913
1504 914
1505 915
1506 916
1507 917
1508 917
1509 917
1510 918
1511 919
1512 919
1513 920
1514 921
1515 921
1516 921
1517 922
1518 922
1519 922
1520 923
1521 924
1522 925
1523 926
1524 927
1525 927
1526 928
1527 929
1528 929
1529 930
1530 930
1531 931
1532 932
1533 932
1534 933
1535 934
1536 935
1537 935
1538 936
1539 937
1540 938
1541 939
1542 940
1543 940
1544 941
1545 942
1546 943
1547 944
1548 944
1549 945
1550 945
1551 946
1552 947
1553 948
1554 949
1555 950
1556 951
1557 952
1558 953
1559 954
1560 954
1561 955
1562 956
1563 957
1564 958
1565 959
1566 960
1567 961
1568 961
1569 962
1570 963
1571 964
1572 964
1573 965
1574 966
1575 967
1576 968
1577 969
1578 970
1579 971
1580 972
1581 973
1582 974
1583 975
1584 976
1585 976
1586 977
1587 977
1588 977
1589 978
1590 978
1591 979
1592 979
1593 979
1594 979
1595 980
1596 981
1597 982
1598 982
1599 983
1600 983
1601 984
1602 985
1603 986
1604 987
1605 987
1606 987
1607 987
1608 988
1609 988
1610 989
1611 990
1612 990
1613 991
1614 991
1615 991
1616 992
1617 993
1618 994
1619 995
1620 995
1621 996
1622 997
1623 997
1624 997
1625 997
1626 998
1627 999
1628 999
1629 1000
1630 1000
1631 1000
1632 340
